Throughput | Retd. Instructions | L3 Misses | L2 Misses | L1 Misses | Displacement
55386319 0 0 0 0 0
55940926 0 0 0 0 0
55869042 0 0 0 0 0
55975370 0 0 0 0 0
55784893 0 0 0 0 0
55481580 0 0 0 0 0
51644889 0 0 0 0 0
55367919 0 0 0 0 0
54863663 0 0 0 0 0
55595708 0 0 0 0 0
54758514 0 0 0 0 0
55044861 0 0 0 0 0
54884742 0 0 0 0 0
55050922 0 0 0 0 0
54996425 0 0 0 0 0
55032744 0 0 0 0 0
54788516 0 0 0 0 0
55233360 0 0 0 0 0
55208965 0 0 0 0 0
54836586 0 0 0 0 0
54978283 0 0 0 0 0
55120714 0 0 0 0 0
55044861 0 0 0 0 0
54917897 0 0 0 0 0
54954113 0 0 0 0 0
55063047 0 0 0 0 0
55154155 0 0 0 0 0
55325034 0 0 0 0 0
54975261 0 0 0 0 0
55120714 0 0 0 0 0
54999450 0 0 0 0 0
54893780 0 0 0 0 0
54972239 0 0 0 0 0
55017605 0 0 0 0 0
55227260 0 0 0 0 0
55063047 0 0 0 0 0
54914881 0 0 0 0 0
55364854 0 0 0 0 0
54893780 0 0 0 0 0
54555373 0 0 0 0 0
54776511 0 0 0 0 0
54957133 0 0 0 0 0
55087313 0 0 0 0 0
55273048 0 0 0 0 0
55084278 0 0 0 0 0
54948074 0 0 0 0 0
55020632 0 0 0 0 0
54878718 0 0 0 0 0
55184592 0 0 0 0 0
54963174 0 0 0 0 0
