Throughput | Retd. Instructions | L3 Misses | L2 Misses | L1 Misses | Displacement
122428991 0 0 0 0 1266759
125944584 0 0 0 0 1266516
127097102 0 0 0 0 1265625
127307447 0 0 0 0 1266556
127404764 0 0 0 0 1266170
126951885 0 0 0 0 1267596
128122998 0 0 0 0 1267018
113122171 0 0 0 0 1267066
117013807 0 0 0 0 1266933
113186191 0 0 0 0 1267461
111495149 0 0 0 0 1266782
116645281 0 0 0 0 1267178
125156445 0 0 0 0 1267131
117785630 0 0 0 0 1266532
126951885 0 0 0 0 1265950
116306117 0 0 0 0 1266519
119132713 0 0 0 0 1266472
109361329 0 0 0 0 1266586
116076610 0 0 0 0 1267250
118666192 0 0 0 0 1266276
117647058 0 0 0 0 1266998
121980970 0 0 0 0 1265978
122040517 0 0 0 0 1266524
41753653 0 0 0 0 1266776
124269914 0 0 0 0 1266648
126630365 0 0 0 0 1265701
126790921 0 0 0 0 1266926
126278570 0 0 0 0 1267054
126742712 0 0 0 0 1267326
125612360 0 0 0 0 1267401
127097102 0 0 0 0 1267319
126518218 0 0 0 0 1266459
126903553 0 0 0 0 1266936
126984126 0 0 0 0 1266946
128567755 0 0 0 0 1266004
127616130 0 0 0 0 1266770
126903553 0 0 0 0 1266443
123213405 0 0 0 0 1265245
127746550 0 0 0 0 1265980
127811860 0 0 0 0 1265831
126214817 0 0 0 0 1266824
125801987 0 0 0 0 1266342
126984126 0 0 0 0 1266946
126839167 0 0 0 0 1266969
126151129 0 0 0 0 1267094
124766063 0 0 0 0 1267041
125976316 0 0 0 0 1266742
125612360 0 0 0 0 1266325
127599846 0 0 0 0 1265906
127665007 0 0 0 0 1267320
127534753 0 0 0 0 1266907
127583567 0 0 0 0 1266346
127811860 0 0 0 0 1267118
127599846 0 0 0 0 1266950
127502231 0 0 0 0 1266103
127388535 0 0 0 0 1266493
127551020 0 0 0 0 1266721
118722545 0 0 0 0 1266948
126806999 0 0 0 0 1267566
123319768 0 0 0 0 1266721
124890720 0 0 0 0 1267186
127097102 0 0 0 0 1268055
124316260 0 0 0 0 1267203
127681307 0 0 0 0 1266580
126694539 0 0 0 0 1267304
120831319 0 0 0 0 1267186
117896722 0 0 0 0 1266392
117841150 0 0 0 0 1266402
118413262 0 0 0 0 1266917
119531436 0 0 0 0 1267062
120875135 0 0 0 0 1267283
121050720 0 0 0 0 1266409
119246362 0 0 0 0 1266418
121388686 0 0 0 0 1265984
118399242 0 0 0 0 1266863
121418164 0 0 0 0 1266522
126614332 0 0 0 0 1267472
124131082 0 0 0 0 1265635
125344697 0 0 0 0 1267155
125865324 0 0 0 0 1266591
126214817 0 0 0 0 1267225
125817815 0 0 0 0 1267493
125156445 0 0 0 0 1266694
124921923 0 0 0 0 1267229
125897016 0 0 0 0 1266205
126726650 0 0 0 0 1266271
126968004 0 0 0 0 1266941
126103404 0 0 0 0 1266670
123731749 0 0 0 0 1266933
126598303 0 0 0 0 1266687
125250501 0 0 0 0 1267392
126406269 0 0 0 0 1266961
126662444 0 0 0 0 1266313
126358352 0 0 0 0 1266275
126071608 0 0 0 0 1267006
126694539 0 0 0 0 1266871
128008192 0 0 0 0 1266551
126887450 0 0 0 0 1266358
126582278 0 0 0 0 1266774
126806999 0 0 0 0 1267150
127828198 0 0 0 0 1266730
128617363 0 0 0 0 1266912
128733264 0 0 0 0 1266671
127453479 0 0 0 0 1266430
127681307 0 0 0 0 1266923
128353228 0 0 0 0 1267067
125517760 0 0 0 0 1266787
127567291 0 0 0 0 1267233
128468653 0 0 0 0 1267211
127926314 0 0 0 0 1266115
128518185 0 0 0 0 1266647
128369704 0 0 0 0 1266711
128551227 0 0 0 0 1266610
123228589 0 0 0 0 1266513
128435653 0 0 0 0 1266241
127291242 0 0 0 0 1266818
127746550 0 0 0 0 1267417
126119308 0 0 0 0 1266496
127032520 0 0 0 0 1266810
126103404 0 0 0 0 1266334
128303823 0 0 0 0 1266574
127877237 0 0 0 0 1266161
128139415 0 0 0 0 1265996
126742712 0 0 0 0 1266140
127016385 0 0 0 0 1266230
126502213 0 0 0 0 1266561
126534227 0 0 0 0 1267103
127161749 0 0 0 0 1266857
126662444 0 0 0 0 1266806
127161749 0 0 0 0 1267303
128238009 0 0 0 0 1266874
128766417 0 0 0 0 1266239
126855258 0 0 0 0 1266760
127161749 0 0 0 0 1266396
128139415 0 0 0 0 1266964
126919659 0 0 0 0 1268165
128518185 0 0 0 0 1266692
127551020 0 0 0 0 1266935
127567291 0 0 0 0 1266493
126646403 0 0 0 0 1267655
127762872 0 0 0 0 1266499
126390293 0 0 0 0 1267508
125881168 0 0 0 0 1266163
127275041 0 0 0 0 1267322
126598303 0 0 0 0 1267033
126023944 0 0 0 0 1266254
125833647 0 0 0 0 1266960
128386185 0 0 0 0 1265644
127502231 0 0 0 0 1267436
125897016 0 0 0 0 1266490
127404764 0 0 0 0 1266053
126855258 0 0 0 0 1267440
127616130 0 0 0 0 1266421
128650456 0 0 0 0 1265955
127469725 0 0 0 0 1266555
46937338 0 0 0 0 1266744
125580811 0 0 0 0 1266797
127210278 0 0 0 0 1266404
126550240 0 0 0 0 1266717
126502213 0 0 0 0 1266875
125675505 0 0 0 0 1266782
128221566 0 0 0 0 1266909
127356087 0 0 0 0 1267364
127632418 0 0 0 0 1266928
128468653 0 0 0 0 1266730
127210278 0 0 0 0 1266194
127129417 0 0 0 0 1266091
127323656 0 0 0 0 1267109
126550240 0 0 0 0 1265908
126023944 0 0 0 0 1267437
126246686 0 0 0 0 1267136
125722906 0 0 0 0 1267112
126374320 0 0 0 0 1265764
126742712 0 0 0 0 1266099
125849484 0 0 0 0 1266922
127844541 0 0 0 0 1266035
128832775 0 0 0 0 1266775
126662444 0 0 0 0 1267035
128402670 0 0 0 0 1266582
127713920 0 0 0 0 1265841
127323656 0 0 0 0 1266495
126598303 0 0 0 0 1266049
127909951 0 0 0 0 1265981
128650456 0 0 0 0 1266770
127485976 0 0 0 0 1266648
127097102 0 0 0 0 1267238
126598303 0 0 0 0 1266568
127275041 0 0 0 0 1266760
128320287 0 0 0 0 1266572
128106584 0 0 0 0 1266525
119832234 0 0 0 0 1266541
116726975 0 0 0 0 1266960
119374477 0 0 0 0 1267333
116767865 0 0 0 0 1266941
119517150 0 0 0 0 1267252
119217930 0 0 0 0 1267022
116482236 0 0 0 0 1266705
113960113 0 0 0 0 1266300
117439812 0 0 0 0 1265758
119617224 0 0 0 0 1266615
122100122 0 0 0 0 1266427
121951219 0 0 0 0 1266764
123624675 0 0 0 0 1266717
122115032 0 0 0 0 1266891
126278570 0 0 0 0 1266724
126390293 0 0 0 0 1266771
126710593 0 0 0 0 1266920
126374320 0 0 0 0 1268711
126406269 0 0 0 0 1267517
127828198 0 0 0 0 1266929
127762872 0 0 0 0 1266448
128287363 0 0 0 0 1266985
127469725 0 0 0 0 1266467
127811860 0 0 0 0 1267277
126742712 0 0 0 0 1265868
124859533 0 0 0 0 1266753
126871352 0 0 0 0 1267509
127795527 0 0 0 0 1267796
127388535 0 0 0 0 1266011
126968004 0 0 0 0 1266900
128353228 0 0 0 0 1266509
128551227 0 0 0 0 1266879
127032520 0 0 0 0 1266183
126839167 0 0 0 0 1267936
125960448 0 0 0 0 1267099
126103404 0 0 0 0 1267386
128073770 0 0 0 0 1266648
127502231 0 0 0 0 1266769
128238009 0 0 0 0 1266672
128122998 0 0 0 0 1266775
128435653 0 0 0 0 1266626
127648710 0 0 0 0 1267071
127518490 0 0 0 0 1267308
127420998 0 0 0 0 1265564
128205128 0 0 0 0 1266430
127779197 0 0 0 0 1266279
128336755 0 0 0 0 1266408
124347177 0 0 0 0 1266687
127113257 0 0 0 0 1266916
128534704 0 0 0 0 1267064
127145581 0 0 0 0 1266942
126502213 0 0 0 0 1267833
128534704 0 0 0 0 1266448
127632418 0 0 0 0 1266897
127291242 0 0 0 0 1266940
127437237 0 0 0 0 1266332
128320287 0 0 0 0 1267230
127551020 0 0 0 0 1267489
126374320 0 0 0 0 1266757
127356087 0 0 0 0 1266478
126662444 0 0 0 0 1266545
127730233 0 0 0 0 1266997
127697612 0 0 0 0 1266874
127129417 0 0 0 0 1266114
127372309 0 0 0 0 1266671
128188693 0 0 0 0 1266709
125801987 0 0 0 0 1266270
127356087 0 0 0 0 1266906
128402670 0 0 0 0 1266629
126871352 0 0 0 0 1266053
128518185 0 0 0 0 1266847
127844541 0 0 0 0 1267880
127307447 0 0 0 0 1266662
127697612 0 0 0 0 1267371
127242651 0 0 0 0 1266282
128667009 0 0 0 0 1266505
126855258 0 0 0 0 1266505
126758778 0 0 0 0 1266327
127129417 0 0 0 0 1267269
126214817 0 0 0 0 1266977
126438234 0 0 0 0 1266509
128353228 0 0 0 0 1265883
127909951 0 0 0 0 1266929
125754527 0 0 0 0 1266202
127291242 0 0 0 0 1266523
127942681 0 0 0 0 1266562
123823675 0 0 0 0 1266586
125817815 0 0 0 0 1266810
126903553 0 0 0 0 1265866
128336755 0 0 0 0 1266481
127437237 0 0 0 0 1266861
126790921 0 0 0 0 1267080
127161749 0 0 0 0 1266923
127713920 0 0 0 0 1267235
128205128 0 0 0 0 1267288
127323656 0 0 0 0 1266655
127746550 0 0 0 0 1267470
54716568 0 0 0 0 1265898
127404764 0 0 0 0 1267247
128501670 0 0 0 0 1266451
126790921 0 0 0 0 1266575
126135216 0 0 0 0 1266875
127388535 0 0 0 0 1266342
126390293 0 0 0 0 1266908
125770343 0 0 0 0 1266346
127097102 0 0 0 0 1266432
128024580 0 0 0 0 1266178
126390293 0 0 0 0 1267048
127097102 0 0 0 0 1265733
127258844 0 0 0 0 1266318
126887450 0 0 0 0 1266850
127959053 0 0 0 0 1267023
126614332 0 0 0 0 1266403
127975428 0 0 0 0 1265884
127991808 0 0 0 0 1265822
126903553 0 0 0 0 1267083
126582278 0 0 0 0 1265772
128369704 0 0 0 0 1267169
128122998 0 0 0 0 1266666
126855258 0 0 0 0 1266363
128849375 0 0 0 0 1266165
126871352 0 0 0 0 1267424
126422250 0 0 0 0 1266237
126438234 0 0 0 0 1267034
128386185 0 0 0 0 1267125
126566257 0 0 0 0 1265986
126630365 0 0 0 0 1266804
127420998 0 0 0 0 1267241
127844541 0 0 0 0 1266200
125817815 0 0 0 0 1266591
127860887 0 0 0 0 1266682
128057369 0 0 0 0 1266784
128617363 0 0 0 0 1266601
125000000 0 0 0 0 1266531
115074798 0 0 0 0 1267256
117274539 0 0 0 0 1266814
119445771 0 0 0 0 1266804
119033448 0 0 0 0 1266540
120365912 0 0 0 0 1266440
121951219 0 0 0 0 1266793
120831319 0 0 0 0 1266324
120918984 0 0 0 0 1267111
120845921 0 0 0 0 1266698
121388686 0 0 0 0 1267133
121832358 0 0 0 0 1267099
125897016 0 0 0 0 1266155
127567291 0 0 0 0 1266829
127860887 0 0 0 0 1266711
128090175 0 0 0 0 1266849
128617363 0 0 0 0 1266883
126742712 0 0 0 0 1266800
125517760 0 0 0 0 1267057
126855258 0 0 0 0 1266646
127258844 0 0 0 0 1266727
126486213 0 0 0 0 1267460
127551020 0 0 0 0 1266793
126855258 0 0 0 0 1265891
127000254 0 0 0 0 1266783
127811860 0 0 0 0 1266521
127959053 0 0 0 0 1266413
127844541 0 0 0 0 1266079
128865979 0 0 0 0 1266503
128452151 0 0 0 0 1266643
126887450 0 0 0 0 1266644
127307447 0 0 0 0 1265743
128336755 0 0 0 0 1267014
126968004 0 0 0 0 1266295
125928724 0 0 0 0 1266279
127113257 0 0 0 0 1266754
127762872 0 0 0 0 1266954
128188693 0 0 0 0 1267717
127129417 0 0 0 0 1266558
126390293 0 0 0 0 1266735
125407574 0 0 0 0 1266409
127779197 0 0 0 0 1266081
128172263 0 0 0 0 1266929
127469725 0 0 0 0 1266874
127145581 0 0 0 0 1266918
126871352 0 0 0 0 1267577
125722906 0 0 0 0 1266927
126951885 0 0 0 0 1266263
127959053 0 0 0 0 1267013
128633907 0 0 0 0 1266267
127599846 0 0 0 0 1266425
127356087 0 0 0 0 1267236
126774847 0 0 0 0 1267540
126294518 0 0 0 0 1267366
126582278 0 0 0 0 1266081
127080950 0 0 0 0 1266530
127437237 0 0 0 0 1266509
127975428 0 0 0 0 1267275
128733264 0 0 0 0 1266523
127632418 0 0 0 0 1266147
128419160 0 0 0 0 1266641
128073770 0 0 0 0 1266614
126935770 0 0 0 0 1266820
128172263 0 0 0 0 1266981
128221566 0 0 0 0 1267020
128501670 0 0 0 0 1267505
128369704 0 0 0 0 1266894
127242651 0 0 0 0 1266741
126694539 0 0 0 0 1266814
128303823 0 0 0 0 1266231
126742712 0 0 0 0 1266998
126582278 0 0 0 0 1266954
127113257 0 0 0 0 1266157
127437237 0 0 0 0 1266788
126630365 0 0 0 0 1266340
127730233 0 0 0 0 1266701
126839167 0 0 0 0 1267035
127469725 0 0 0 0 1267084
127016385 0 0 0 0 1267135
127648710 0 0 0 0 1266705
54764512 0 0 0 0 1266831
121050720 0 0 0 0 1266533
125912868 0 0 0 0 1267156
125944584 0 0 0 0 1266771
127177921 0 0 0 0 1267312
127356087 0 0 0 0 1266520
127469725 0 0 0 0 1266294
128402670 0 0 0 0 1267171
126935770 0 0 0 0 1266662
125722906 0 0 0 0 1267168
125643925 0 0 0 0 1266578
126935770 0 0 0 0 1267166
127551020 0 0 0 0 1266264
125928724 0 0 0 0 1266631
127258844 0 0 0 0 1266826
127210278 0 0 0 0 1266807
125423303 0 0 0 0 1266930
123823675 0 0 0 0 1266979
126646403 0 0 0 0 1266871
126646403 0 0 0 0 1266153
127616130 0 0 0 0 1267801
128205128 0 0 0 0 1267195
127210278 0 0 0 0 1267102
128650456 0 0 0 0 1267330
128452151 0 0 0 0 1266927
126486213 0 0 0 0 1266586
128353228 0 0 0 0 1267004
126887450 0 0 0 0 1265559
127000254 0 0 0 0 1266473
127177921 0 0 0 0 1266847
128188693 0 0 0 0 1266700
126342387 0 0 0 0 1266834
124953142 0 0 0 0 1266885
128024580 0 0 0 0 1267006
126470216 0 0 0 0 1265998
126103404 0 0 0 0 1266702
128188693 0 0 0 0 1266715
127226463 0 0 0 0 1266526
126839167 0 0 0 0 1266975
127502231 0 0 0 0 1267192
127404764 0 0 0 0 1266955
126790921 0 0 0 0 1266669
126358352 0 0 0 0 1267212
127518490 0 0 0 0 1266966
128633907 0 0 0 0 1266678
127551020 0 0 0 0 1267698
128336755 0 0 0 0 1266279
123701138 0 0 0 0 1266367
121080033 0 0 0 0 1265767
120933607 0 0 0 0 1267496
123319768 0 0 0 0 1267037
125580811 0 0 0 0 1266595
126023944 0 0 0 0 1267374
125376128 0 0 0 0 1266693
124750499 0 0 0 0 1266332
125046892 0 0 0 0 1266812
126342387 0 0 0 0 1267131
125944584 0 0 0 0 1267030
126726650 0 0 0 0 1267561
126598303 0 0 0 0 1266903
126326427 0 0 0 0 1266572
128320287 0 0 0 0 1266700
127681307 0 0 0 0 1266264
125707102 0 0 0 0 1266645
125976316 0 0 0 0 1266151
126406269 0 0 0 0 1267039
126550240 0 0 0 0 1266285
126774847 0 0 0 0 1266354
126630365 0 0 0 0 1266559
127307447 0 0 0 0 1266915
126470216 0 0 0 0 1267575
128057369 0 0 0 0 1267487
127551020 0 0 0 0 1267283
127502231 0 0 0 0 1266205
128008192 0 0 0 0 1266809
126839167 0 0 0 0 1266750
127518490 0 0 0 0 1266376
127942681 0 0 0 0 1266830
128172263 0 0 0 0 1266896
125881168 0 0 0 0 1267177
127860887 0 0 0 0 1267348
127291242 0 0 0 0 1267023
126055716 0 0 0 0 1266218
128567755 0 0 0 0 1266128
128040973 0 0 0 0 1266263
126887450 0 0 0 0 1266226
122910521 0 0 0 0 1266224
127372309 0 0 0 0 1267236
127437237 0 0 0 0 1266978
126951885 0 0 0 0 1266371
127420998 0 0 0 0 1267008
126726650 0 0 0 0 1266668
127372309 0 0 0 0 1266938
128238009 0 0 0 0 1266561
127975428 0 0 0 0 1266871
127730233 0 0 0 0 1267375
126374320 0 0 0 0 1266221
