Throughput | Retd. Instructions | L3 Misses | L2 Misses | L1 Misses | Displacement
3484951 0 0 0 0 65746
3430472 0 0 0 0 186148
3481009 0 0 0 0 128399
3391140 0 0 0 0 14303
3520469 0 0 0 0 65848
3540988 0 0 0 0 14125
3561519 0 0 0 0 5740
3367082 0 0 0 0 13987
3551224 0 0 0 0 6024
3207667 0 0 0 0 637722
3503977 0 0 0 0 68561
3174774 0 0 0 0 700189
3473766 0 0 0 0 5790
3509215 0 0 0 0 65916
3328595 0 0 0 0 125948
3303098 0 0 0 0 76798
3343620 0 0 0 0 317080
3493815 0 0 0 0 65904
3470125 0 0 0 0 131404
3477801 0 0 0 0 126098
3421037 0 0 0 0 188721
3360237 0 0 0 0 5792
3362497 0 0 0 0 292529
3169471 0 0 0 0 697592
3423895 0 0 0 0 194399
3366833 0 0 0 0 5830
3513839 0 0 0 0 65858
3501094 0 0 0 0 65986
3485838 0 0 0 0 82378
3518760 0 0 0 0 68571
3374058 0 0 0 0 65926
3125380 0 0 0 0 765881
3428273 0 0 0 0 191446
3428496 0 0 0 0 191670
3396981 0 0 0 0 5852
3463983 0 0 0 0 128715
3568548 0 0 0 0 5728
3565125 0 0 0 0 6072
3494609 0 0 0 0 82340
3380914 0 0 0 0 134167
3561101 0 0 0 0 14161
3465748 0 0 0 0 128803
3554165 0 0 0 0 5816
3186682 0 0 0 0 292509
3510829 0 0 0 0 66014
3459477 0 0 0 0 125940
3199017 0 0 0 0 637480
3467129 0 0 0 0 134233
3315386 0 0 0 0 5674
2944267 0 0 0 0 697760
3400319 0 0 0 0 5682
3452287 0 0 0 0 65932
3100832 0 0 0 0 65952
3445911 0 0 0 0 137028
2894062 0 0 0 0 1167034
3486896 0 0 0 0 65980
3377511 0 0 0 0 295270
3326447 0 0 0 0 131520
3535517 0 0 0 0 14061
3409699 0 0 0 0 240790
3137274 0 0 0 0 760421
3397754 0 0 0 0 5832
3519887 0 0 0 0 66028
3571364 0 0 0 0 5626
3174845 0 0 0 0 697478
3469752 0 0 0 0 5940
3446908 0 0 0 0 136912
3478684 0 0 0 0 125958
3465339 0 0 0 0 128807
3307819 0 0 0 0 66098
3467358 0 0 0 0 128659
3554291 0 0 0 0 5880
3547772 0 0 0 0 5964
3469355 0 0 0 0 126084
3513900 0 0 0 0 68695
3353813 0 0 0 0 5938
3520358 0 0 0 0 68647
3315397 0 0 0 0 292361
3342659 0 0 0 0 65952
3274973 0 0 0 0 14133
3433735 0 0 0 0 136888
3552486 0 0 0 0 6050
3461249 0 0 0 0 128671
3380171 0 0 0 0 137022
3266063 0 0 0 0 128745
3390485 0 0 0 0 240656
3507615 0 0 0 0 65928
3559833 0 0 0 0 5780
3047637 0 0 0 0 716805
3453766 0 0 0 0 126088
3503203 0 0 0 0 82488
3491937 0 0 0 0 65900
3189751 0 0 0 0 645821
3428367 0 0 0 0 65930
3523111 0 0 0 0 5938
3481409 0 0 0 0 68871
3530412 0 0 0 0 14141
3227180 0 0 0 0 196840
3562674 0 0 0 0 5988
3501486 0 0 0 0 66132
3504885 0 0 0 0 68607
3475891 0 0 0 0 128857
3172850 0 0 0 0 295390
3560733 0 0 0 0 5922
3568077 0 0 0 0 5696
3389991 0 0 0 0 248793
3097903 0 0 0 0 823032
3312826 0 0 0 0 65960
3538407 0 0 0 0 5952
3506434 0 0 0 0 65848
3463311 0 0 0 0 125990
3417389 0 0 0 0 13985
3083421 0 0 0 0 834018
3359312 0 0 0 0 292731
3509781 0 0 0 0 65950
3024364 0 0 0 0 757668
3484138 0 0 0 0 76886
3566575 0 0 0 0 6058
3431320 0 0 0 0 5874
3471547 0 0 0 0 128835
3387866 0 0 0 0 126296
3524701 0 0 0 0 65966
3518772 0 0 0 0 68739
3543121 0 0 0 0 5674
3273033 0 0 0 0 125822
3558174 0 0 0 0 5932
3545357 0 0 0 0 5914
3125429 0 0 0 0 762956
3565151 0 0 0 0 5910
2944328 0 0 0 0 817672
3537306 0 0 0 0 14065
3506938 0 0 0 0 66090
3565608 0 0 0 0 5854
3193082 0 0 0 0 645693
3319986 0 0 0 0 65858
3554910 0 0 0 0 5692
3553483 0 0 0 0 14059
3549371 0 0 0 0 6068
3391071 0 0 0 0 66318
3421435 0 0 0 0 191448
3462124 0 0 0 0 128963
3467899 0 0 0 0 128835
3470884 0 0 0 0 128691
3314737 0 0 0 0 128875
3361491 0 0 0 0 295166
3158629 0 0 0 0 708396
3574198 0 0 0 0 5906
3392521 0 0 0 0 126174
3514617 0 0 0 0 68781
3463515 0 0 0 0 125996
3556175 0 0 0 0 5902
3292170 0 0 0 0 65892
3563398 0 0 0 0 5956
3431614 0 0 0 0 5832
3152336 0 0 0 0 705667
3524316 0 0 0 0 66038
3316265 0 0 0 0 76758
3466288 0 0 0 0 125966
3210293 0 0 0 0 637568
3562877 0 0 0 0 5730
3507209 0 0 0 0 68679
3297533 0 0 0 0 74039
3519713 0 0 0 0 65862
3164436 0 0 0 0 697446
3500175 0 0 0 0 65948
3519689 0 0 0 0 66058
3247638 0 0 0 0 295326
3468212 0 0 0 0 128697
3497286 0 0 0 0 65752
3418487 0 0 0 0 128693
3264826 0 0 0 0 191480
3544704 0 0 0 0 5850
3517200 0 0 0 0 65978
3555517 0 0 0 0 5870
3463191 0 0 0 0 5600
3498277 0 0 0 0 82474
3557857 0 0 0 0 5904
3165959 0 0 0 0 708522
3328595 0 0 0 0 5744
3372214 0 0 0 0 292387
3519961 0 0 0 0 65972
3458089 0 0 0 0 128715
3507233 0 0 0 0 65966
3298022 0 0 0 0 65994
3453921 0 0 0 0 139731
3152465 0 0 0 0 705605
3524452 0 0 0 0 66182
3511051 0 0 0 0 65840
2836742 0 0 0 0 864189
3480185 0 0 0 0 137238
3173666 0 0 0 0 697570
3547080 0 0 0 0 14063
3105667 0 0 0 0 823096
3089165 0 0 0 0 637570
3304572 0 0 0 0 139649
3383716 0 0 0 0 66002
3511334 0 0 0 0 65974
3403687 0 0 0 0 14161
3539848 0 0 0 0 5676
3489828 0 0 0 0 76710
3175661 0 0 0 0 697512
3436957 0 0 0 0 5746
3189629 0 0 0 0 637550
3562027 0 0 0 0 5776
3480294 0 0 0 0 65878
3308760 0 0 0 0 5794
3384678 0 0 0 0 5922
3556630 0 0 0 0 5756
3180762 0 0 0 0 637532
3461764 0 0 0 0 125908
3356842 0 0 0 0 14001
3529851 0 0 0 0 5836
3512728 0 0 0 0 66144
3132135 0 0 0 0 757644
3169431 0 0 0 0 700383
3306900 0 0 0 0 65850
3406214 0 0 0 0 232425
3511272 0 0 0 0 65948
3532645 0 0 0 0 5814
3398447 0 0 0 0 240698
3363526 0 0 0 0 74167
3502847 0 0 0 0 68617
3450417 0 0 0 0 128895
3375265 0 0 0 0 65914
3359955 0 0 0 0 74249
3481809 0 0 0 0 65956
3405658 0 0 0 0 188807
3544993 0 0 0 0 5916
3484405 0 0 0 0 74241
3430661 0 0 0 0 5918
3274340 0 0 0 0 134287
3391946 0 0 0 0 5696
3290480 0 0 0 0 68633
3283274 0 0 0 0 358043
3520730 0 0 0 0 22286
3478902 0 0 0 0 74261
3479616 0 0 0 0 76858
2869662 0 0 0 0 986924
3441310 0 0 0 0 134095
3535192 0 0 0 0 5896
3542770 0 0 0 0 5762
3241470 0 0 0 0 248699
2761889 0 0 0 0 68629
3369601 0 0 0 0 232479
3504369 0 0 0 0 14025
3492059 0 0 0 0 66144
3544791 0 0 0 0 5762
3336157 0 0 0 0 186046
3364952 0 0 0 0 65882
3459561 0 0 0 0 126054
3532420 0 0 0 0 22082
3385171 0 0 0 0 240522
3323009 0 0 0 0 68705
3124638 0 0 0 0 768492
3553672 0 0 0 0 5864
3365473 0 0 0 0 254375
3399002 0 0 0 0 66136
3082272 0 0 0 0 637494
3549535 0 0 0 0 5804
2978406 0 0 0 0 757566
2990636 0 0 0 0 295330
3347851 0 0 0 0 65860
3293265 0 0 0 0 74109
3473307 0 0 0 0 5878
3473452 0 0 0 0 74187
3148624 0 0 0 0 352579
3560264 0 0 0 0 5960
3121907 0 0 0 0 757550
3489597 0 0 0 0 68823
3460770 0 0 0 0 76766
3281345 0 0 0 0 128717
3550493 0 0 0 0 5938
3432733 0 0 0 0 134217
3149576 0 0 0 0 705659
3290837 0 0 0 0 197098
3486871 0 0 0 0 74411
3447087 0 0 0 0 128639
3469824 0 0 0 0 68897
3550480 0 0 0 0 14107
3335067 0 0 0 0 74143
3456476 0 0 0 0 125950
3500714 0 0 0 0 74045
3471065 0 0 0 0 68535
3421212 0 0 0 0 68855
3300395 0 0 0 0 368867
3557731 0 0 0 0 5908
3336636 0 0 0 0 254213
3270186 0 0 0 0 126072
3122394 0 0 0 0 760503
3460842 0 0 0 0 74289
3514926 0 0 0 0 5798
3452180 0 0 0 0 125990
3225026 0 0 0 0 5906
3089146 0 0 0 0 820227
3479168 0 0 0 0 65826
3505967 0 0 0 0 68793
3265274 0 0 0 0 128703
3494328 0 0 0 0 66026
3464535 0 0 0 0 128723
3380914 0 0 0 0 188801
3124853 0 0 0 0 763086
3398470 0 0 0 0 6078
3484065 0 0 0 0 74165
3135503 0 0 0 0 697612
3547445 0 0 0 0 5802
3357451 0 0 0 0 66038
3381268 0 0 0 0 126098
3539672 0 0 0 0 5828
3522602 0 0 0 0 65906
3547218 0 0 0 0 5816
3003950 0 0 0 0 872304
3265380 0 0 0 0 423395
3513900 0 0 0 0 74123
3025114 0 0 0 0 645743
3351824 0 0 0 0 292431
3417518 0 0 0 0 188635
3157971 0 0 0 0 697444
3513987 0 0 0 0 65742
3511642 0 0 0 0 68675
3267941 0 0 0 0 126098
3553041 0 0 0 0 5974
3466889 0 0 0 0 126068
3501486 0 0 0 0 66034
3305020 0 0 0 0 65942
3540173 0 0 0 0 5746
3557490 0 0 0 0 6072
3345634 0 0 0 0 125940
3498326 0 0 0 0 65944
3320075 0 0 0 0 131602
3486264 0 0 0 0 66006
3371601 0 0 0 0 248619
3387442 0 0 0 0 246184
3318763 0 0 0 0 136720
3459262 0 0 0 0 65738
3543900 0 0 0 0 14055
3494975 0 0 0 0 76800
3492681 0 0 0 0 74081
3008124 0 0 0 0 820223
3044380 0 0 0 0 924097
3369987 0 0 0 0 125944
3310469 0 0 0 0 65894
3536843 0 0 0 0 5956
3543711 0 0 0 0 5832
3446718 0 0 0 0 128797
3539171 0 0 0 0 14101
3492254 0 0 0 0 74055
3283942 0 0 0 0 66052
3160925 0 0 0 0 697512
3470764 0 0 0 0 128761
3443300 0 0 0 0 128725
3287084 0 0 0 0 65936
3554759 0 0 0 0 5712
3501425 0 0 0 0 66042
3183101 0 0 0 0 645641
3342257 0 0 0 0 246096
3350195 0 0 0 0 66014
3450441 0 0 0 0 137022
3138278 0 0 0 0 697460
3165248 0 0 0 0 697368
3201382 0 0 0 0 300758
3483470 0 0 0 0 65958
3412026 0 0 0 0 6022
3554607 0 0 0 0 5818
3507528 0 0 0 0 14019
3379177 0 0 0 0 126200
3507073 0 0 0 0 65998
3162405 0 0 0 0 700169
2969403 0 0 0 0 697690
3461812 0 0 0 0 128697
3550934 0 0 0 0 5916
3527237 0 0 0 0 5946
3098373 0 0 0 0 820223
3183273 0 0 0 0 232573
3157961 0 0 0 0 700267
3512136 0 0 0 0 68617
3424763 0 0 0 0 188819
3418429 0 0 0 0 5978
3182544 0 0 0 0 248693
3514567 0 0 0 0 14179
3107761 0 0 0 0 760455
3503056 0 0 0 0 5796
3405611 0 0 0 0 232553
3283608 0 0 0 0 134131
3535955 0 0 0 0 5870
3501719 0 0 0 0 65912
3481845 0 0 0 0 66038
3364148 0 0 0 0 76660
3536418 0 0 0 0 5964
3554595 0 0 0 0 5818
3523794 0 0 0 0 5830
3418359 0 0 0 0 66094
3419189 0 0 0 0 191510
3502025 0 0 0 0 74153
3542569 0 0 0 0 5996
3243131 0 0 0 0 128917
3471306 0 0 0 0 5702
3500003 0 0 0 0 5740
3531796 0 0 0 0 6074
3291476 0 0 0 0 360990
3421119 0 0 0 0 188797
3355029 0 0 0 0 5890
3447182 0 0 0 0 128707
3171813 0 0 0 0 637428
3429661 0 0 0 0 186156
3289062 0 0 0 0 68589
3382160 0 0 0 0 251730
3545684 0 0 0 0 5872
3463971 0 0 0 0 68675
3542996 0 0 0 0 5910
3403131 0 0 0 0 5720
3500542 0 0 0 0 65848
3479132 0 0 0 0 68741
3550959 0 0 0 0 5920
2930136 0 0 0 0 924263
3183557 0 0 0 0 637412
3154743 0 0 0 0 705669
3552158 0 0 0 0 13935
3380879 0 0 0 0 128641
3497836 0 0 0 0 68701
3473524 0 0 0 0 125920
3501253 0 0 0 0 68631
3293308 0 0 0 0 68773
3512345 0 0 0 0 65830
3552334 0 0 0 0 5944
3493278 0 0 0 0 14075
3513802 0 0 0 0 68661
3552826 0 0 0 0 14085
3314199 0 0 0 0 76912
3485850 0 0 0 0 68589
3554923 0 0 0 0 5688
3433417 0 0 0 0 65872
3322822 0 0 0 0 5980
3186093 0 0 0 0 645461
3494292 0 0 0 0 68551
3511692 0 0 0 0 66016
3402008 0 0 0 0 196980
3292538 0 0 0 0 199445
3525446 0 0 0 0 5934
3405159 0 0 0 0 188813
3544666 0 0 0 0 5742
3320185 0 0 0 0 139561
3531472 0 0 0 0 14091
3501486 0 0 0 0 5930
3544854 0 0 0 0 5772
3540913 0 0 0 0 13985
3388612 0 0 0 0 65966
3180449 0 0 0 0 637524
3469066 0 0 0 0 131436
3382274 0 0 0 0 232607
3250193 0 0 0 0 134119
3518128 0 0 0 0 22342
3187647 0 0 0 0 645841
3490657 0 0 0 0 68689
3502369 0 0 0 0 66008
3307425 0 0 0 0 66162
3508193 0 0 0 0 5886
3552259 0 0 0 0 5822
3538582 0 0 0 0 14101
3488733 0 0 0 0 74393
2727664 0 0 0 0 1337077
3550858 0 0 0 0 5950
3417214 0 0 0 0 186114
3429602 0 0 0 0 136954
3399880 0 0 0 0 5862
3414962 0 0 0 0 186240
3366595 0 0 0 0 65870
3533718 0 0 0 0 5906
3462927 0 0 0 0 128767
3337583 0 0 0 0 74227
3413994 0 0 0 0 185948
3124443 0 0 0 0 771027
3524539 0 0 0 0 13965
3328119 0 0 0 0 128679
3529827 0 0 0 0 5764
3456428 0 0 0 0 128823
3492912 0 0 0 0 85035
3242069 0 0 0 0 131566
3495696 0 0 0 0 85027
3499636 0 0 0 0 65982
3514777 0 0 0 0 14011
3265679 0 0 0 0 431654
3182554 0 0 0 0 248955
3172327 0 0 0 0 645739
3541252 0 0 0 0 14027
3350050 0 0 0 0 292505
3483798 0 0 0 0 68921
3330757 0 0 0 0 14189
3507307 0 0 0 0 68809
3506754 0 0 0 0 76854
2944389 0 0 0 0 1055079
3364205 0 0 0 0 76724
3542155 0 0 0 0 5996
3540098 0 0 0 0 5762
3509867 0 0 0 0 14117
3060631 0 0 0 0 637536
3498081 0 0 0 0 68623
3442210 0 0 0 0 136910
3460866 0 0 0 0 128635
3482876 0 0 0 0 65948
3448953 0 0 0 0 5914
