Throughput | Retd. Instructions | L3 Misses | L2 Misses | L1 Misses | Displacement
19476472 0 0 0 0 1476877
20681240 0 0 0 0 1477877
22956314 0 0 0 0 1476123
22329403 0 0 0 0 1476852
23190019 0 0 0 0 1476740
23092554 0 0 0 0 1476775
20477955 0 0 0 0 1477705
22963167 0 0 0 0 1477025
23686579 0 0 0 0 1476913
16213762 0 0 0 0 1477421
23262846 0 0 0 0 1477106
23526090 0 0 0 0 1477310
23552132 0 0 0 0 1477779
23164234 0 0 0 0 1476756
23197550 0 0 0 0 1477955
23664158 0 0 0 0 1476872
23702860 0 0 0 0 1477071
22108730 0 0 0 0 1477816
22759860 0 0 0 0 1476638
22900064 0 0 0 0 1476980
22130258 0 0 0 0 1476507
22742779 0 0 0 0 1478155
22039538 0 0 0 0 1478469
22387892 0 0 0 0 1475600
22490610 0 0 0 0 1476667
22246941 0 0 0 0 1477118
22502250 0 0 0 0 1476753
22267251 0 0 0 0 1477750
16075878 0 0 0 0 1478965
22753646 0 0 0 0 1477458
23333955 0 0 0 0 1476597
23305134 0 0 0 0 1476444
23596035 0 0 0 0 1476972
23142791 0 0 0 0 1475964
23571007 0 0 0 0 1478325
23523323 0 0 0 0 1475887
23485755 0 0 0 0 1477627
23557680 0 0 0 0 1476904
23612193 0 0 0 0 1478889
23686579 0 0 0 0 1477148
22109219 0 0 0 0 1477772
22956314 0 0 0 0 1476645
23465365 0 0 0 0 1477431
23217478 0 0 0 0 1477692
17793277 0 0 0 0 1477280
23100556 0 0 0 0 1477714
22954206 0 0 0 0 1476001
22644927 0 0 0 0 1476783
21644553 0 0 0 0 1478115
20935831 0 0 0 0 1476516
21043328 0 0 0 0 1475467
23882307 0 0 0 0 1475867
23529411 0 0 0 0 1478029
22901112 0 0 0 0 1478520
22438630 0 0 0 0 1477049
22704568 0 0 0 0 1476986
23050503 0 0 0 0 1477202
23026618 0 0 0 0 1476391
23112836 0 0 0 0 1476729
23416461 0 0 0 0 1477092
23312740 0 0 0 0 1476446
17658484 0 0 0 0 1476144
21639869 0 0 0 0 1477577
23627256 0 0 0 0 1477871
23481344 0 0 0 0 1477586
23021847 0 0 0 0 1476441
22881724 0 0 0 0 1476905
22240508 0 0 0 0 1476996
22651082 0 0 0 0 1477620
22989562 0 0 0 0 1476721
23127804 0 0 0 0 1477294
22768151 0 0 0 0 1476987
23680969 0 0 0 0 1476440
22877536 0 0 0 0 1476115
17438311 0 0 0 0 1478783
22841480 0 0 0 0 1477684
22876489 0 0 0 0 1477085
23431276 0 0 0 0 1477309
22843045 0 0 0 0 1476624
23322527 0 0 0 0 1476354
22802937 0 0 0 0 1478108
22662375 0 0 0 0 1476501
22582539 0 0 0 0 1476491
22822192 0 0 0 0 1476979
23173896 0 0 0 0 1477652
21635655 0 0 0 0 1476284
23059008 0 0 0 0 1477351
17845670 0 0 0 0 1476501
22815423 0 0 0 0 1476926
23597706 0 0 0 0 1477045
23577120 0 0 0 0 1478633
23643456 0 0 0 0 1477839
23326335 0 0 0 0 1476248
23447208 0 0 0 0 1478915
23204548 0 0 0 0 1476307
23292106 0 0 0 0 1477261
22637750 0 0 0 0 1475404
19510672 0 0 0 0 1476899
21497979 0 0 0 0 1476532
22279157 0 0 0 0 1477080
17327418 0 0 0 0 1476770
23019727 0 0 0 0 1477619
23780647 0 0 0 0 1477863
23105894 0 0 0 0 1476751
23941200 0 0 0 0 1477907
23980240 0 0 0 0 1477229
23830517 0 0 0 0 1476636
23187868 0 0 0 0 1477569
22994849 0 0 0 0 1476925
23697244 0 0 0 0 1475617
23755226 0 0 0 0 1476794
23431276 0 0 0 0 1477023
22880677 0 0 0 0 1476090
22562158 0 0 0 0 1477686
23121387 0 0 0 0 1477268
23432374 0 0 0 0 1477059
23181955 0 0 0 0 1477859
16122011 0 0 0 0 1477535
22704052 0 0 0 0 1476896
23559901 0 0 0 0 1476937
23941200 0 0 0 0 1477234
23230422 0 0 0 0 1477378
23114973 0 0 0 0 1478033
23716352 0 0 0 0 1475144
23682652 0 0 0 0 1477115
23577120 0 0 0 0 1477890
23456558 0 0 0 0 1477950
23537719 0 0 0 0 1477887
23703984 0 0 0 0 1477997
23464814 0 0 0 0 1477218
23176582 0 0 0 0 1476772
23581012 0 0 0 0 1477113
23380874 0 0 0 0 1477398
23889154 0 0 0 0 1477953
23901144 0 0 0 0 1476128
23828246 0 0 0 0 1477297
23725355 0 0 0 0 1477223
17349364 0 0 0 0 1476585
22962639 0 0 0 0 1476975
23366123 0 0 0 0 1476736
23451607 0 0 0 0 1477714
23556016 0 0 0 0 1475622
23872615 0 0 0 0 1476754
23973341 0 0 0 0 1476379
23288309 0 0 0 0 1476405
22990619 0 0 0 0 1476601
23163161 0 0 0 0 1475040
23290478 0 0 0 0 1477085
22596827 0 0 0 0 1476846
22137117 0 0 0 0 1476963
23223948 0 0 0 0 1476517
22943673 0 0 0 0 1478866
23237440 0 0 0 0 1478322
16750418 0 0 0 0 1476982
21220609 0 0 0 0 1476200
21301523 0 0 0 0 1477144
22415996 0 0 0 0 1476446
20758085 0 0 0 0 1476620
21575904 0 0 0 0 1476479
22103355 0 0 0 0 1478233
21423368 0 0 0 0 1477223
21614611 0 0 0 0 1476411
21241795 0 0 0 0 1477594
20417747 0 0 0 0 1478501
22483025 0 0 0 0 1476749
22214817 0 0 0 0 1476362
18060973 0 0 0 0 1476219
22452736 0 0 0 0 1475693
23206702 0 0 0 0 1477088
23019198 0 0 0 0 1476582
22598870 0 0 0 0 1478006
22666999 0 0 0 0 1477218
21587548 0 0 0 0 1475233
22118510 0 0 0 0 1476314
22381879 0 0 0 0 1478984
22507314 0 0 0 0 1477049
22962639 0 0 0 0 1477923
22703537 0 0 0 0 1475954
23506734 0 0 0 0 1476862
17674714 0 0 0 0 1476958
23143326 0 0 0 0 1476762
22839915 0 0 0 0 1477951
23264470 0 0 0 0 1479179
23172822 0 0 0 0 1478301
23435119 0 0 0 0 1476383
23774993 0 0 0 0 1477974
23098422 0 0 0 0 1476039
23500105 0 0 0 0 1478805
22954733 0 0 0 0 1477314
23794793 0 0 0 0 1476185
23329600 0 0 0 0 1477686
23390718 0 0 0 0 1477684
23569341 0 0 0 0 1476767
16407160 0 0 0 0 1476576
23452707 0 0 0 0 1476765
22904260 0 0 0 0 1477530
22662375 0 0 0 0 1477427
22308481 0 0 0 0 1477634
23411527 0 0 0 0 1477317
22828444 0 0 0 0 1478244
23282887 0 0 0 0 1477008
23268259 0 0 0 0 1477613
22960003 0 0 0 0 1477379
21168949 0 0 0 0 1477037
20197939 0 0 0 0 1477742
20678674 0 0 0 0 1476157
19503822 0 0 0 0 1477737
19902081 0 0 0 0 1478243
21188685 0 0 0 0 1476929
21848849 0 0 0 0 1476287
21461530 0 0 0 0 1476604
16829916 0 0 0 0 1477576
22294058 0 0 0 0 1477798
23693875 0 0 0 0 1477445
23379234 0 0 0 0 1475892
23768212 0 0 0 0 1475923
22808658 0 0 0 0 1476522
23729859 0 0 0 0 1477431
23071776 0 0 0 0 1477269
22438126 0 0 0 0 1477373
22783714 0 0 0 0 1477395
23005429 0 0 0 0 1477075
23898288 0 0 0 0 1476777
23268259 0 0 0 0 1476825
23641220 0 0 0 0 1475827
22662889 0 0 0 0 1478235
22868119 0 0 0 0 1478373
17908309 0 0 0 0 1478102
21643147 0 0 0 0 1477568
21244051 0 0 0 0 1477251
21324234 0 0 0 0 1477347
23191094 0 0 0 0 1476853
22680880 0 0 0 0 1477575
22070670 0 0 0 0 1476667
23395096 0 0 0 0 1478181
22157718 0 0 0 0 1476704
23829381 0 0 0 0 1476507
23216939 0 0 0 0 1477584
23651285 0 0 0 0 1477484
23143862 0 0 0 0 1476233
23469770 0 0 0 0 1477926
22829486 0 0 0 0 1477827
23220173 0 0 0 0 1476242
18298261 0 0 0 0 1477523
23081361 0 0 0 0 1477932
23599376 0 0 0 0 1476875
23159406 0 0 0 0 1477745
23802156 0 0 0 0 1477839
23110700 0 0 0 0 1476959
23616096 0 0 0 0 1476176
23219634 0 0 0 0 1477715
23213705 0 0 0 0 1477474
23727607 0 0 0 0 1477325
23285597 0 0 0 0 1476097
23877745 0 0 0 0 1477541
23254732 0 0 0 0 1477280
23816895 0 0 0 0 1476741
18444399 0 0 0 0 1476327
23252569 0 0 0 0 1477071
23492928 0 0 0 0 1477627
23246623 0 0 0 0 1476754
23443910 0 0 0 0 1477483
23017078 0 0 0 0 1476602
23811224 0 0 0 0 1477394
22709208 0 0 0 0 1477961
23163697 0 0 0 0 1475302
23260141 0 0 0 0 1476830
23390171 0 0 0 0 1476148
23785172 0 0 0 0 1476559
23247163 0 0 0 0 1477691
23893149 0 0 0 0 1477295
17922431 0 0 0 0 1475386
23051034 0 0 0 0 1476948
22558087 0 0 0 0 1476849
23488514 0 0 0 0 1477941
23574897 0 0 0 0 1477138
23281260 0 0 0 0 1476132
23622791 0 0 0 0 1478859
23238520 0 0 0 0 1477837
23779516 0 0 0 0 1476964
23050503 0 0 0 0 1476076
23747328 0 0 0 0 1477605
23447208 0 0 0 0 1477401
23072840 0 0 0 0 1476843
17043324 0 0 0 0 1476880
22348366 0 0 0 0 1476695
22852964 0 0 0 0 1476129
22403441 0 0 0 0 1476833
23878886 0 0 0 0 1476560
23051566 0 0 0 0 1476365
23750712 0 0 0 0 1475858
23404404 0 0 0 0 1477078
23345395 0 0 0 0 1476185
23790831 0 0 0 0 1476256
23087756 0 0 0 0 1477154
23956686 0 0 0 0 1477167
23161551 0 0 0 0 1477714
23640103 0 0 0 0 1478096
23386889 0 0 0 0 1476719
23431825 0 0 0 0 1476400
23519450 0 0 0 0 1477409
23296990 0 0 0 0 1477483
23226645 0 0 0 0 1477985
22640313 0 0 0 0 1476840
15252039 0 0 0 0 1476843
21113973 0 0 0 0 1476422
20938023 0 0 0 0 1476732
20558365 0 0 0 0 1478222
22507821 0 0 0 0 1477268
22752610 0 0 0 0 1477323
23297532 0 0 0 0 1476570
23594365 0 0 0 0 1476740
23353573 0 0 0 0 1475868
23769907 0 0 0 0 1475523
23102691 0 0 0 0 1476737
23858945 0 0 0 0 1476441
23191632 0 0 0 0 1476027
23880026 0 0 0 0 1477129
22981637 0 0 0 0 1477687
20948550 0 0 0 0 1477661
23586018 0 0 0 0 1476850
23324703 0 0 0 0 1476718
23439514 0 0 0 0 1477022
17246434 0 0 0 0 1478957
23481344 0 0 0 0 1477190
23114973 0 0 0 0 1477273
23622233 0 0 0 0 1476299
23368307 0 0 0 0 1477205
23552687 0 0 0 0 1477487
23804422 0 0 0 0 1477351
23229343 0 0 0 0 1476335
23707918 0 0 0 0 1476685
23035636 0 0 0 0 1477203
23317089 0 0 0 0 1476073
23374316 0 0 0 0 1475945
23170675 0 0 0 0 1477612
23449407 0 0 0 0 1478023
23144933 0 0 0 0 1477442
23702299 0 0 0 0 1478215
18392157 0 0 0 0 1477362
23061666 0 0 0 0 1476376
23055286 0 0 0 0 1476608
23591582 0 0 0 0 1477081
23357937 0 0 0 0 1476834
23357391 0 0 0 0 1477926
23819164 0 0 0 0 1477979
23148148 0 0 0 0 1476327
23678727 0 0 0 0 1477444
23090955 0 0 0 0 1476459
23595479 0 0 0 0 1476390
23376501 0 0 0 0 1476378
23120318 0 0 0 0 1477293
23691068 0 0 0 0 1477076
18157388 0 0 0 0 1476725
23212088 0 0 0 0 1476702
22665457 0 0 0 0 1476382
23520003 0 0 0 0 1477179
23200241 0 0 0 0 1476785
23520003 0 0 0 0 1476259
23781778 0 0 0 0 1476549
23407143 0 0 0 0 1478610
23689384 0 0 0 0 1476731
23029800 0 0 0 0 1476218
23788001 0 0 0 0 1475369
23131014 0 0 0 0 1476431
23346485 0 0 0 0 1477352
23436767 0 0 0 0 1476578
18020940 0 0 0 0 1476552
23390718 0 0 0 0 1477696
23188405 0 0 0 0 1477222
23659679 0 0 0 0 1477244
23016019 0 0 0 0 1477106
23674802 0 0 0 0 1477471
23286140 0 0 0 0 1477816
23091488 0 0 0 0 1477341
23709042 0 0 0 0 1477608
23223409 0 0 0 0 1477827
23775558 0 0 0 0 1478157
22823234 0 0 0 0 1479010
23347575 0 0 0 0 1477746
16795995 0 0 0 0 1476866
23053692 0 0 0 0 1477624
23001196 0 0 0 0 1476469
23419203 0 0 0 0 1477979
23329600 0 0 0 0 1478078
23298075 0 0 0 0 1476930
23747328 0 0 0 0 1476016
22095541 0 0 0 0 1476999
21950041 0 0 0 0 1477133
23292648 0 0 0 0 1476643
23608848 0 0 0 0 1476681
23581012 0 0 0 0 1476264
23440063 0 0 0 0 1477765
23931460 0 0 0 0 1477044
23146540 0 0 0 0 1476149
23925162 0 0 0 0 1476797
23164771 0 0 0 0 1476654
23455458 0 0 0 0 1477860
23413172 0 0 0 0 1477307
23342125 0 0 0 0 1476783
16711509 0 0 0 0 1477813
22778524 0 0 0 0 1477602
23496240 0 0 0 0 1476880
23225027 0 0 0 0 1477110
23784040 0 0 0 0 1477685
23144397 0 0 0 0 1478080
23588800 0 0 0 0 1476897
23276383 0 0 0 0 1477681
23572674 0 0 0 0 1477189
23632840 0 0 0 0 1476724
23354118 0 0 0 0 1474974
23823137 0 0 0 0 1477111
22932623 0 0 0 0 1476379
23543260 0 0 0 0 1476627
23345395 0 0 0 0 1477590
23166380 0 0 0 0 1477595
17940115 0 0 0 0 1477055
22486564 0 0 0 0 1477751
23350846 0 0 0 0 1478582
23442811 0 0 0 0 1478441
23846428 0 0 0 0 1476196
23350846 0 0 0 0 1477363
23880026 0 0 0 0 1476353
23394001 0 0 0 0 1476493
22868119 0 0 0 0 1476637
23177119 0 0 0 0 1477217
23129944 0 0 0 0 1477977
24016523 0 0 0 0 1476916
23208856 0 0 0 0 1476616
23363940 0 0 0 0 1476450
23388530 0 0 0 0 1476754
23234200 0 0 0 0 1477543
23744509 0 0 0 0 1476013
18058690 0 0 0 0 1476491
23290478 0 0 0 0 1477153
22862368 0 0 0 0 1476386
23869766 0 0 0 0 1477002
23423592 0 0 0 0 1477695
23520003 0 0 0 0 1476623
23506734 0 0 0 0 1478546
23245002 0 0 0 0 1475393
23817462 0 0 0 0 1477379
22998022 0 0 0 0 1476486
23614423 0 0 0 0 1477926
23323615 0 0 0 0 1476360
23597149 0 0 0 0 1476832
23169601 0 0 0 0 1478049
17915367 0 0 0 0 1477517
23280718 0 0 0 0 1476984
23211011 0 0 0 0 1477557
23714102 0 0 0 0 1476825
23146004 0 0 0 0 1476390
23749584 0 0 0 0 1476860
23591025 0 0 0 0 1476499
23579344 0 0 0 0 1477652
23607733 0 0 0 0 1477572
22939462 0 0 0 0 1478546
23728733 0 0 0 0 1477135
23208317 0 0 0 0 1477932
23722541 0 0 0 0 1476784
18567343 0 0 0 0 1476602
22764523 0 0 0 0 1477427
22172949 0 0 0 0 1477592
21847417 0 0 0 0 1476523
23235280 0 0 0 0 1477457
23317632 0 0 0 0 1476591
23769907 0 0 0 0 1475815
23255813 0 0 0 0 1477131
23823137 0 0 0 0 1477934
23324159 0 0 0 0 1476141
22981637 0 0 0 0 1478599
23632840 0 0 0 0 1477835
23155116 0 0 0 0 1477883
23749020 0 0 0 0 1477155
16422788 0 0 0 0 1475379
23272050 0 0 0 0 1476619
22962639 0 0 0 0 1477094
23697805 0 0 0 0 1476287
23402213 0 0 0 0 1477454
23819732 0 0 0 0 1476853
23474729 0 0 0 0 1477543
23325791 0 0 0 0 1477432
24014216 0 0 0 0 1477714
23126199 0 0 0 0 1476085
23797058 0 0 0 0 1477513
23475280 0 0 0 0 1476574
23338856 0 0 0 0 1477743
23481344 0 0 0 0 1478052
23071244 0 0 0 0 1477350
23595479 0 0 0 0 1476727
23133154 0 0 0 0 1477150
16891606 0 0 0 0 1478151
22917908 0 0 0 0 1477378
23445559 0 0 0 0 1477511
23997504 0 0 0 0 1477460
23874325 0 0 0 0 1476603
23612193 0 0 0 0 1477079
23207240 0 0 0 0 1477965
23837334 0 0 0 0 1476861
22983750 0 0 0 0 1476273
