Throughput | Retd. Instructions | L3 Misses | L2 Misses | L1 Misses | Displacement
2075235 0 0 0 0 529498
1831605 0 0 0 0 2260440
1985139 0 0 0 0 1160808
2152287 0 0 0 0 310980
2268360 0 0 0 0 92534
1923705 0 0 0 0 1177212
1955225 0 0 0 0 1002582
1894430 0 0 0 0 1463957
2147425 0 0 0 0 327324
1928279 0 0 0 0 1609613
2181719 0 0 0 0 89793
2173416 0 0 0 0 441820
2044738 0 0 0 0 1070751
1907174 0 0 0 0 1221010
2254384 0 0 0 0 147134
1933323 0 0 0 0 1499400
2132191 0 0 0 0 308335
1716434 0 0 0 0 2937210
2012979 0 0 0 0 1226612
2059910 0 0 0 0 756942
1949880 0 0 0 0 1574288
2061808 0 0 0 0 898147
1867542 0 0 0 0 1800847
2235136 0 0 0 0 204585
2162901 0 0 0 0 379333
2134120 0 0 0 0 616774
1930736 0 0 0 0 1305587
2232995 0 0 0 0 73419
2050937 0 0 0 0 1076361
2228119 0 0 0 0 261924
2035598 0 0 0 0 784344
2061978 0 0 0 0 1005345
2004265 0 0 0 0 1276767
2077460 0 0 0 0 645031
2056107 0 0 0 0 1032659
2051824 0 0 0 0 827866
2185152 0 0 0 0 428153
1819127 0 0 0 0 2361413
2012064 0 0 0 0 991678
2256714 0 0 0 0 133421
2060789 0 0 0 0 994371
2161676 0 0 0 0 370922
2108365 0 0 0 0 786787
1964404 0 0 0 0 1114587
2109887 0 0 0 0 786909
2015218 0 0 0 0 1268408
1939687 0 0 0 0 1301192
2111517 0 0 0 0 776001
2235066 0 0 0 0 73543
1910770 0 0 0 0 1473285
1762791 0 0 0 0 2722854
1964891 0 0 0 0 1453155
2072169 0 0 0 0 649294
2087604 0 0 0 0 699693
1862755 0 0 0 0 1781798
1859067 0 0 0 0 1972710
1996545 0 0 0 0 1353131
1935003 0 0 0 0 1494943
1787974 0 0 0 0 2516908
1999380 0 0 0 0 931862
1881195 0 0 0 0 1638723
2062872 0 0 0 0 787065
1800886 0 0 0 0 1765278
2225842 0 0 0 0 81618
1804526 0 0 0 0 1661446
2006344 0 0 0 0 934529
1913326 0 0 0 0 1688818
1788598 0 0 0 0 2043714
2071757 0 0 0 0 704050
2010797 0 0 0 0 1301232
2031186 0 0 0 0 904208
2270343 0 0 0 0 81852
2228010 0 0 0 0 38032
1847325 0 0 0 0 2095397
1875926 0 0 0 0 1626015
2115215 0 0 0 0 694081
2116791 0 0 0 0 715887
2193439 0 0 0 0 300198
1892967 0 0 0 0 1492366
2258590 0 0 0 0 125238
2064264 0 0 0 0 841569
2058286 0 0 0 0 705185
2088162 0 0 0 0 611248
2111419 0 0 0 0 371108
2002731 0 0 0 0 967245
1755833 0 0 0 0 2375104
1959224 0 0 0 0 1229093
1868415 0 0 0 0 1984661
2127713 0 0 0 0 493739
2144013 0 0 0 0 379071
2140498 0 0 0 0 589406
1964212 0 0 0 0 1122568
1988866 0 0 0 0 1113612
2114603 0 0 0 0 705185
2055219 0 0 0 0 716059
2253216 0 0 0 0 76174
2259146 0 0 0 0 130626
1899454 0 0 0 0 1467637
1819074 0 0 0 0 1971132
2086820 0 0 0 0 797919
1941807 0 0 0 0 474604
2125642 0 0 0 0 699571
2005092 0 0 0 0 994477
1947006 0 0 0 0 1499498
1738970 0 0 0 0 2719983
1844443 0 0 0 0 2202893
1972522 0 0 0 0 1448494
2057888 0 0 0 0 624899
2174934 0 0 0 0 447450
2075102 0 0 0 0 931660
1793670 0 0 0 0 2017557
2163645 0 0 0 0 482745
2092019 0 0 0 0 844270
2066235 0 0 0 0 589330
2247908 0 0 0 0 155497
1990362 0 0 0 0 1319326
1930099 0 0 0 0 1409253
2289539 0 0 0 0 13471
1974953 0 0 0 0 1185475
1731068 0 0 0 0 2960101
2144298 0 0 0 0 551076
2104009 0 0 0 0 653270
2009068 0 0 0 0 1284696
2000396 0 0 0 0 948072
2087595 0 0 0 0 838810
2032404 0 0 0 0 1128274
2011756 0 0 0 0 896257
1951897 0 0 0 0 1511421
2158629 0 0 0 0 518368
2017349 0 0 0 0 805127
1989867 0 0 0 0 1402243
2033123 0 0 0 0 777773
1745724 0 0 0 0 2544208
1843518 0 0 0 0 2167608
2158936 0 0 0 0 299940
1994618 0 0 0 0 1347597
2093438 0 0 0 0 785876
2012485 0 0 0 0 1012491
2085457 0 0 0 0 879817
2156538 0 0 0 0 141908
1836290 0 0 0 0 2172021
2058621 0 0 0 0 1002302
1946714 0 0 0 0 308275
1982364 0 0 0 0 1293035
1994451 0 0 0 0 1276595
1879833 0 0 0 0 1521200
2175809 0 0 0 0 433949
1839107 0 0 0 0 2155477
2154424 0 0 0 0 283790
2127075 0 0 0 0 705129
2145310 0 0 0 0 354518
2171661 0 0 0 0 278110
2058676 0 0 0 0 939827
2028854 0 0 0 0 699749
2097447 0 0 0 0 491106
1898520 0 0 0 0 1075346
1885540 0 0 0 0 1339302
1991813 0 0 0 0 1130991
1891975 0 0 0 0 1518459
2167373 0 0 0 0 201912
2115224 0 0 0 0 770599
1895705 0 0 0 0 1554907
1845144 0 0 0 0 2095619
2046307 0 0 0 0 1057294
2069262 0 0 0 0 767942
2194565 0 0 0 0 368309
1846558 0 0 0 0 1866233
1823649 0 0 0 0 2323085
1882399 0 0 0 0 1931921
2105772 0 0 0 0 603107
2046906 0 0 0 0 1057352
1870942 0 0 0 0 1642415
1975250 0 0 0 0 1253926
2155678 0 0 0 0 327432
1513289 0 0 0 0 4149676
2006303 0 0 0 0 1339402
2006927 0 0 0 0 1226358
2176823 0 0 0 0 73501
1977046 0 0 0 0 1328436
2034993 0 0 0 0 926290
2137766 0 0 0 0 653162
1893121 0 0 0 0 1852550
1746462 0 0 0 0 2541657
2142676 0 0 0 0 653184
2034530 0 0 0 0 983323
1984205 0 0 0 0 1424027
2079646 0 0 0 0 896239
2060453 0 0 0 0 694167
2008738 0 0 0 0 1231934
2037444 0 0 0 0 1106242
2090807 0 0 0 0 488401
2227563 0 0 0 0 239920
1963517 0 0 0 0 1302958
1939548 0 0 0 0 1336533
2224585 0 0 0 0 248037
2114124 0 0 0 0 767774
2159365 0 0 0 0 299750
1762595 0 0 0 0 2612653
2086785 0 0 0 0 594676
2139788 0 0 0 0 653226
2208680 0 0 0 0 299988
2120027 0 0 0 0 529344
1904156 0 0 0 0 1844341
1919529 0 0 0 0 1391247
2045906 0 0 0 0 1054387
2058723 0 0 0 0 1019020
1692107 0 0 0 0 2867409
2216483 0 0 0 0 300206
2074770 0 0 0 0 931724
1986851 0 0 0 0 1054509
2055768 0 0 0 0 958037
2073333 0 0 0 0 942582
2002663 0 0 0 0 998950
2069579 0 0 0 0 714876
1924935 0 0 0 0 1409361
1999100 0 0 0 0 1355832
2290378 0 0 0 0 5046
2239897 0 0 0 0 21550
2115511 0 0 0 0 770521
1705300 0 0 0 0 2766296
2145236 0 0 0 0 653352
2092225 0 0 0 0 855198
2172670 0 0 0 0 158024
2056369 0 0 0 0 986172
2120692 0 0 0 0 687660
1918859 0 0 0 0 1291862
2149012 0 0 0 0 311016
2222651 0 0 0 0 212750
2102032 0 0 0 0 488273
2073467 0 0 0 0 870549
2073690 0 0 0 0 888176
2120211 0 0 0 0 272754
2159178 0 0 0 0 510179
1996573 0 0 0 0 1292232
2143751 0 0 0 0 261950
1875261 0 0 0 0 1937053
2052237 0 0 0 0 721491
2011153 0 0 0 0 1173684
2220056 0 0 0 0 199179
2169390 0 0 0 0 144579
2164459 0 0 0 0 458290
2130765 0 0 0 0 705043
2039097 0 0 0 0 767938
2051029 0 0 0 0 1046248
1893000 0 0 0 0 1849913
1710568 0 0 0 0 2859030
2100571 0 0 0 0 830903
2153752 0 0 0 0 319183
2223165 0 0 0 0 248109
2230236 0 0 0 0 231589
2237166 0 0 0 0 65258
2034993 0 0 0 0 1050709
1804096 0 0 0 0 2107582
2096633 0 0 0 0 841807
2212100 0 0 0 0 308247
1874428 0 0 0 0 1511421
2046831 0 0 0 0 1051664
1954640 0 0 0 0 1571469
2056749 0 0 0 0 646839
2109993 0 0 0 0 759565
2165341 0 0 0 0 491120
2059146 0 0 0 0 773276
2268329 0 0 0 0 76176
1981673 0 0 0 0 1357512
2039056 0 0 0 0 890811
1995840 0 0 0 0 1352827
2222261 0 0 0 0 147072
2205450 0 0 0 0 316560
2271039 0 0 0 0 65446
2120962 0 0 0 0 351881
1939988 0 0 0 0 1636913
1913784 0 0 0 0 1754268
1927918 0 0 0 0 1393894
2124671 0 0 0 0 660516
2071873 0 0 0 0 942578
2078682 0 0 0 0 537535
2092790 0 0 0 0 663275
2229669 0 0 0 0 264635
2195712 0 0 0 0 136362
2173572 0 0 0 0 439279
1991496 0 0 0 0 1106284
2221812 0 0 0 0 256470
2103801 0 0 0 0 792503
1921033 0 0 0 0 1579696
1766525 0 0 0 0 2647802
1948861 0 0 0 0 1204732
2226348 0 0 0 0 264509
2284393 0 0 0 0 37948
2064891 0 0 0 0 669528
2020442 0 0 0 0 1166564
1773219 0 0 0 0 2596171
2116088 0 0 0 0 387436
2195601 0 0 0 0 354530
2011683 0 0 0 0 1220996
1786301 0 0 0 0 2336760
2098512 0 0 0 0 769368
2041828 0 0 0 0 998780
1990089 0 0 0 0 948118
2096981 0 0 0 0 766779
2181386 0 0 0 0 300132
1853334 0 0 0 0 2159465
2040837 0 0 0 0 784470
2270029 0 0 0 0 89867
2257545 0 0 0 0 133507
1886027 0 0 0 0 1968501
1962223 0 0 0 0 1150130
2000008 0 0 0 0 1272857
2008645 0 0 0 0 942616
1650347 0 0 0 0 3468007
2071517 0 0 0 0 897963
2211963 0 0 0 0 84449
2231201 0 0 0 0 237197
1903195 0 0 0 0 1814310
2055591 0 0 0 0 764088
1999348 0 0 0 0 1347609
2234442 0 0 0 0 73591
1996147 0 0 0 0 1339334
1849923 0 0 0 0 2213841
1831075 0 0 0 0 1735221
2234302 0 0 0 0 248505
2227176 0 0 0 0 223716
2179527 0 0 0 0 128061
2192862 0 0 0 0 365614
1973312 0 0 0 0 1459494
1992786 0 0 0 0 994485
2129381 0 0 0 0 724142
2212712 0 0 0 0 303085
2124630 0 0 0 0 455569
2128388 0 0 0 0 663159
2087312 0 0 0 0 581365
2238914 0 0 0 0 149887
2045926 0 0 0 0 581221
1769025 0 0 0 0 1737974
1980868 0 0 0 0 482875
1911041 0 0 0 0 537461
1899374 0 0 0 0 986026
1787137 0 0 0 0 2103762
2020928 0 0 0 0 863443
1956246 0 0 0 0 1289127
1984134 0 0 0 0 1276533
1986586 0 0 0 0 1002586
2105201 0 0 0 0 736662
2205922 0 0 0 0 300096
1798143 0 0 0 0 2252265
2151837 0 0 0 0 526471
1967489 0 0 0 0 1284886
2121705 0 0 0 0 721343
2036116 0 0 0 0 1106306
2160205 0 0 0 0 379355
2160153 0 0 0 0 485750
2068534 0 0 0 0 581211
2236561 0 0 0 0 204539
1949340 0 0 0 0 1563234
1957410 0 0 0 0 1150096
2125768 0 0 0 0 715967
1972083 0 0 0 0 1393011
1894761 0 0 0 0 1579548
2133688 0 0 0 0 669396
2082209 0 0 0 0 912409
2152657 0 0 0 0 319187
2052545 0 0 0 0 871534
2028586 0 0 0 0 925926
1947795 0 0 0 0 1470356
2276452 0 0 0 0 73571
2077442 0 0 0 0 770573
1949142 0 0 0 0 1501999
1988431 0 0 0 0 900686
2263242 0 0 0 0 76278
2063834 0 0 0 0 931504
1939205 0 0 0 0 1645106
1869522 0 0 0 0 1691447
1782489 0 0 0 0 2547229
2172741 0 0 0 0 147116
1924013 0 0 0 0 1675183
2024365 0 0 0 0 1169223
2022146 0 0 0 0 931734
2189942 0 0 0 0 387230
1997622 0 0 0 0 1292092
2081165 0 0 0 0 713430
2294893 0 0 0 0 5270
2123187 0 0 0 0 515511
1936948 0 0 0 0 1464968
1759290 0 0 0 0 2317619
2145720 0 0 0 0 422841
1976589 0 0 0 0 1160952
1724607 0 0 0 0 2320540
2118029 0 0 0 0 496590
1926140 0 0 0 0 1276769
1602063 0 0 0 0 3359636
2029414 0 0 0 0 947069
2058083 0 0 0 0 844450
2035060 0 0 0 0 821483
1788380 0 0 0 0 2538908
1901025 0 0 0 0 1593131
1945794 0 0 0 0 1579728
1988012 0 0 0 0 901583
2175043 0 0 0 0 125428
1858870 0 0 0 0 1642397
1920145 0 0 0 0 1328478
2203094 0 0 0 0 223794
1992750 0 0 0 0 1150004
2150611 0 0 0 0 92428
2068269 0 0 0 0 729646
1854111 0 0 0 0 2084709
1937387 0 0 0 0 1221120
2075472 0 0 0 0 926124
1979414 0 0 0 0 1281104
1956013 0 0 0 0 1339240
2042237 0 0 0 0 1002640
1852692 0 0 0 0 1860783
2275825 0 0 0 0 76330
2267856 0 0 0 0 76276
1691626 0 0 0 0 3063949
2265631 0 0 0 0 84375
2052549 0 0 0 0 732189
2042984 0 0 0 0 1045259
2132719 0 0 0 0 676874
2296416 0 0 0 0 21578
1869718 0 0 0 0 1729607
2250245 0 0 0 0 65170
2091122 0 0 0 0 92572
2116043 0 0 0 0 611256
1985482 0 0 0 0 1276573
1841379 0 0 0 0 1984625
2277510 0 0 0 0 133279
1804305 0 0 0 0 2432405
2092855 0 0 0 0 707892
2203604 0 0 0 0 390169
2029204 0 0 0 0 1002834
2092286 0 0 0 0 904292
1960019 0 0 0 0 1530726
2006561 0 0 0 0 931656
2165744 0 0 0 0 474730
2100734 0 0 0 0 772589
2096581 0 0 0 0 316558
1931325 0 0 0 0 1231730
2128859 0 0 0 0 645037
1783733 0 0 0 0 2191276
2211929 0 0 0 0 248241
2140571 0 0 0 0 360010
1775237 0 0 0 0 2320586
2026744 0 0 0 0 1174667
2009517 0 0 0 0 1021619
2163078 0 0 0 0 371138
2087913 0 0 0 0 661569
2057604 0 0 0 0 791528
1983819 0 0 0 0 1432336
2014910 0 0 0 0 926218
2227097 0 0 0 0 196280
2074701 0 0 0 0 649486
2153626 0 0 0 0 207400
1859876 0 0 0 0 2162124
2100933 0 0 0 0 789632
2050167 0 0 0 0 644014
2100046 0 0 0 0 765261
2269225 0 0 0 0 171827
2014269 0 0 0 0 994353
2059545 0 0 0 0 1002662
1960123 0 0 0 0 1563082
2178131 0 0 0 0 272702
2067576 0 0 0 0 999741
2175052 0 0 0 0 354596
1902254 0 0 0 0 1852526
2065586 0 0 0 0 819757
1877349 0 0 0 0 1024732
1987708 0 0 0 0 1291990
2126040 0 0 0 0 715967
2024475 0 0 0 0 838902
2002543 0 0 0 0 1286522
1935108 0 0 0 0 1139082
1994316 0 0 0 0 1062602
1920698 0 0 0 0 1543214
1864009 0 0 0 0 1442135
2241770 0 0 0 0 136442
1934905 0 0 0 0 1590720
2137044 0 0 0 0 379139
2086772 0 0 0 0 836041
2159206 0 0 0 0 354712
2260632 0 0 0 0 106301
1913670 0 0 0 0 1691457
1932262 0 0 0 0 1413117
2125425 0 0 0 0 740528
2002158 0 0 0 0 1380283
2010082 0 0 0 0 947920
2055557 0 0 0 0 991792
1973024 0 0 0 0 1407691
1757450 0 0 0 0 2421371
1900764 0 0 0 0 1858100
2031384 0 0 0 0 950745
2064563 0 0 0 0 1013600
2172146 0 0 0 0 441934
2073591 0 0 0 0 740478
2142681 0 0 0 0 661435
1851958 0 0 0 0 2047470
1942162 0 0 0 0 1628710
2279638 0 0 0 0 21616
1885757 0 0 0 0 1582479
2113235 0 0 0 0 605722
2182086 0 0 0 0 384965
2146890 0 0 0 0 248243
